  single point
     elev0     248.0000         1.000000         0.000000    
     elev1     332.0000         1.000000         0.000000    
     elev2     371.0000         1.000000         0.000000    
     elev3     399.0000         1.000000         0.000000    
     elev4     424.0000         1.000000         0.000000    
     elev5     449.0000         1.000000         0.000000    
     elev6     474.0000         1.000000         0.000000    
     elev7     501.0000         1.000000         0.000000    
     elev8     528.0000         1.000000         0.000000    
     elev9     574.0000         1.000000         0.000000    
    elev10     740.0000         1.000000         0.000000    
    nedniv     0.000000         1.000000         0.000000    
   fldarea     183.0000         1.000000         0.000000    
     area1     18.30000         1.000000         0.000000    
     area2     18.30000         1.000000         0.000000    
     area3     18.30000         1.000000         0.000000    
     area4     18.30000         1.000000         0.000000    
     area5     18.30000         1.000000         0.000000    
     area6     18.30000         1.000000         0.000000    
     area7     18.30000         1.000000         0.000000    
     area8     18.30000         1.000000         0.000000    
     area9     18.30000         1.000000         0.000000    
    area10     18.30000         1.000000         0.000000    
   elevtmp     256.0000         1.000000         0.000000    
   elevprc     256.0000         1.000000         0.000000    
     glac1     0.000000         1.000000         0.000000    
     glac2     0.000000         1.000000         0.000000    
     glac3     0.000000         1.000000         0.000000    
     glac4     0.000000         1.000000         0.000000    
     glac5     0.000000         1.000000         0.000000    
     glac6     0.000000         1.000000         0.000000    
     glac7     0.000000         1.000000         0.000000    
     glac8     0.000000         1.000000         0.000000    
     glac9     0.000000         1.000000         0.000000    
    glac10     0.000000         1.000000         0.000000    
      rcor    0.8950138         1.000000         0.000000    
      scor    0.9055930         1.000000         0.000000    
        tx     4.973719         1.000000        -4.000000    
      tpgr   -0.5000000         1.000000         0.000000    
      tcgr    -1.000000         1.000000         0.000000    
      pgrd    5.0000000E-02     1.000000         0.000000    
      s100     2.000000         1.000000         0.000000    
       s75     1.500000         1.000000         0.000000    
       s50     1.000000         1.000000         0.000000    
       s25    0.5000000         1.000000         0.000000    
       s00     0.000000         1.000000         0.000000    
     sl100     1.500000         1.000000         0.000000    
      sl75     1.250000         1.000000         0.000000    
      sl50     1.000000         1.000000         0.000000    
      sl25    0.7500000         1.000000         0.000000    
      sl00    0.5000000         1.000000         0.000000    
   maxunif     20.00000         1.000000         0.000000    
        cx     3.425460         1.000000         0.000000    
       cxn     2.389000         1.000000         0.000000    
   cxn_dcx    0.6666667         1.000000         0.000000    
        ts     3.066965         1.000000        -4.000000    
       tsn     3.272096         1.000000        -4.000000    
       cfr    1.0000000E-02     1.000000         0.000000    
        lw    7.0000000E-02     1.000000         0.000000    
      ndag     270.0000         1.000000         0.000000    
      cbre     2.000000         1.000000         0.000000    
     isnw1     0.000000         1.000000         0.000000    
     isnw2     0.000000         1.000000         0.000000    
     isnw3     0.000000         1.000000         0.000000    
     isnw4     0.000000         1.000000         0.000000    
     isnw5     0.000000         1.000000         0.000000    
     isnw6     0.000000         1.000000         0.000000    
     isnw7     0.000000         1.000000         0.000000    
     isnw8     0.000000         1.000000         0.000000    
     isnw9     0.000000         1.000000         0.000000    
    isnw10     0.000000         1.000000         0.000000    
     isww1     0.000000         1.000000         0.000000    
     isww2     0.000000         1.000000         0.000000    
     isww3     0.000000         1.000000         0.000000    
     isww4     0.000000         1.000000         0.000000    
     isww5     0.000000         1.000000         0.000000    
     isww6     0.000000         1.000000         0.000000    
     isww7     0.000000         1.000000         0.000000    
     isww8     0.000000         1.000000         0.000000    
     isww9     0.000000         1.000000         0.000000    
    isww10     0.000000         1.000000         0.000000    
    iscov1     0.000000         1.000000         0.000000    
    iscov2     0.000000         1.000000         0.000000    
    iscov3     0.000000         1.000000         0.000000    
    iscov4     0.000000         1.000000         0.000000    
    iscov5     0.000000         1.000000         0.000000    
    iscov6     0.000000         1.000000         0.000000    
    iscov7     0.000000         1.000000         0.000000    
    iscov8     0.000000         1.000000         0.000000    
    iscov9     0.000000         1.000000         0.000000    
   iscov10     0.000000         1.000000         0.000000    
     ibal1     0.000000         1.000000         0.000000    
     ibal2     0.000000         1.000000         0.000000    
     ibal3     0.000000         1.000000         0.000000    
     ibal4     0.000000         1.000000         0.000000    
     ibal5     0.000000         1.000000         0.000000    
     ibal6     0.000000         1.000000         0.000000    
     ibal7     0.000000         1.000000         0.000000    
     ibal8     0.000000         1.000000         0.000000    
     ibal9     0.000000         1.000000         0.000000    
    ibal10     0.000000         1.000000         0.000000    
     epjan    0.1000000         1.000000         0.000000    
     epfeb    0.2000000         1.000000         0.000000    
     epmar    0.7000000         1.000000         0.000000    
     epapr     1.000000         1.000000         0.000000    
     epmay     2.300000         1.000000         0.000000    
     epjun     3.500000         1.000000         0.000000    
     epjul     3.500000         1.000000         0.000000    
     epaug     2.300000         1.000000         0.000000    
     epsep     1.000000         1.000000         0.000000    
     epoct    0.7000000         1.000000         0.000000    
     epnov    0.2000000         1.000000         0.000000    
     epdec    0.1000000         1.000000         0.000000    
        fc     64.75357         1.000000         0.000000    
     fcdel     1.000000         1.000000         0.000000    
      beta     1.638064         1.000000         0.000000    
    infmax     50.00000         1.000000         0.000000    
       ism     48.46370         1.000000         0.000000    
      kuz2    0.7250000         1.000000         0.000000    
      kuz1    0.3380000         1.000000         0.000000    
       kuz    9.6000000E-02     1.000000         0.000000    
       klz    6.8244613E-02     1.000000         0.000000    
   kuz2_d1     2.207769         1.000000         0.000000    
   kuz1_d0     3.589102         1.000000         0.000000    
    kuz_dl     1.471573         1.000000         0.000000    
      perc     1.849302         1.000000        -1.000000    
       uz2     40.54000         1.000000         0.000000    
       uz1     19.09341         1.000000         0.000000    
    uz2_d1     2.284007         1.000000         0.000000    
    sjodel     0.000000         1.000000         0.000000    
    magdel     0.000000         1.000000         0.000000    
     opptr     1.000000         1.000000         0.000000    
   eqlakea     0.000000         1.000000         0.000000    
   ratcnst     0.000000         1.000000         0.000000    
   ratzero     0.000000         1.000000         0.000000    
   ratexpn     1.500000         1.000000         0.000000    
   catfact     0.000000         1.000000         0.000000    
    pardsp     0.000000         1.000000         0.000000    
       iuz     0.000000         1.000000         0.000000    
       ilz     0.000000         1.000000         0.000000    
    laklev     0.000000         1.000000         0.000000    
